smp_imap0:	0	299	599	899
smp_imap1:	0	299	598	897
smp_imlf0:	0	25	51	76
smp_imlf1:	0	25	51	77
sec_imap0:	0.000000	0.009967	0.019967	0.029967
sec_imap1:	0.000000	0.009967	0.019933	0.029900
sec_imlf0:	0.000000	0.010000	0.020400	0.030400
sec_imlf1:	0.000000	0.010000	0.020400	0.030800
