smp_imap0:	0	300	600	900
smp_imap1:	0	299	598	897
smp_imlf0:	0	26	52	77
smp_imlf1:	0	26	52	78
sec_imap0:	0.000000	0.010000	0.020000	0.030000
sec_imap1:	0.000000	0.009967	0.019933	0.029900
sec_imlf0:	0.000000	0.010400	0.020800	0.030800
sec_imlf1:	0.000000	0.010400	0.020800	0.031200
